mc12_8TeV.172075.Herwigpp_UEEE3_CTEQ6L1_RPV_75_10_SlepL_121.merge.NTUP_SUSY.e1500_s1499_s1504_r3658_r3549_p1328/	25000	0.3944800	0.0381657
mc12_8TeV.172076.Herwigpp_UEEE3_CTEQ6L1_RPV_75_65_SlepL_121.merge.NTUP_SUSY.e1500_s1499_s1504_r3658_r3549_p1328/	15000	0.3944800	0.0381657
mc12_8TeV.172077.Herwigpp_UEEE3_CTEQ6L1_RPV_150_10_SlepL_121.merge.NTUP_SUSY.e1500_s1499_s1504_r3658_r3549_p1328/	10000	0.0285512	0.0559488
mc12_8TeV.172078.Herwigpp_UEEE3_CTEQ6L1_RPV_150_50_SlepL_121.merge.NTUP_SUSY.e1500_s1499_s1504_r3658_r3549_p1328/	5000	0.0285512	0.0559488
mc12_8TeV.172079.Herwigpp_UEEE3_CTEQ6L1_RPV_150_140_SlepL_121.merge.NTUP_SUSY.e1500_s1499_s1504_r3658_r3549_p1328/	5000	0.0285512	0.0559488
mc12_8TeV.172080.Herwigpp_UEEE3_CTEQ6L1_RPV_225_10_SlepL_121.merge.NTUP_SUSY.e1500_s1499_s1504_r3658_r3549_p1328/	5000	0.0054613	0.0673752
mc12_8TeV.172081.Herwigpp_UEEE3_CTEQ6L1_RPV_225_100_SlepL_121.merge.NTUP_SUSY.e1500_s1499_s1504_r3658_r3549_p1328/	5000	0.0054613	0.0673752
mc12_8TeV.172082.Herwigpp_UEEE3_CTEQ6L1_RPV_225_190_SlepL_121.merge.NTUP_SUSY.e1500_s1499_s1504_r3658_r3549_p1328/	5000	0.0054613	0.0673752
mc12_8TeV.172083.Herwigpp_UEEE3_CTEQ6L1_RPV_300_10_SlepL_121.merge.NTUP_SUSY.e1500_s1499_s1504_r3658_r3549_p1328/	10000	0.0015114	0.0778987
mc12_8TeV.172084.Herwigpp_UEEE3_CTEQ6L1_RPV_300_50_SlepL_121.merge.NTUP_SUSY.e1500_s1499_s1504_r3658_r3549_p1328/	5000	0.0015114	0.0778987
mc12_8TeV.172085.Herwigpp_UEEE3_CTEQ6L1_RPV_300_100_SlepL_121.merge.NTUP_SUSY.e1500_s1499_s1504_r3658_r3549_p1328/	5000	0.0015114	0.0778987
mc12_8TeV.172086.Herwigpp_UEEE3_CTEQ6L1_RPV_300_135_SlepL_121.merge.NTUP_SUSY.e1500_s1499_s1504_r3658_r3549_p1328/	5000	0.0015114	0.0778987
mc12_8TeV.172087.Herwigpp_UEEE3_CTEQ6L1_RPV_300_200_SlepL_121.merge.NTUP_SUSY.e1500_s1499_s1504_r3658_r3549_p1328/	5000	0.0015114	0.0778987
mc12_8TeV.172088.Herwigpp_UEEE3_CTEQ6L1_RPV_300_250_SlepL_121.merge.NTUP_SUSY.e1500_s1499_s1504_r3658_r3549_p1328/	5000	0.0015114	0.0778987
mc12_8TeV.172089.Herwigpp_UEEE3_CTEQ6L1_RPV_300_290_SlepL_121.merge.NTUP_SUSY.e1500_s1499_s1504_r3658_r3549_p1328/	5000	0.0015114	0.0778987
mc12_8TeV.172090.Herwigpp_UEEE3_CTEQ6L1_RPV_400_10_SlepL_121.merge.NTUP_SUSY.e1500_s1499_s1504_r3658_r3549_p1328/	15000	0.0003698	0.0871127
mc12_8TeV.172091.Herwigpp_UEEE3_CTEQ6L1_RPV_400_50_SlepL_121.merge.NTUP_SUSY.e1500_s1499_s1504_r3658_r3549_p1328/	5000	0.0003698	0.0871127
mc12_8TeV.172092.Herwigpp_UEEE3_CTEQ6L1_RPV_400_100_SlepL_121.merge.NTUP_SUSY.e1500_s1499_s1504_r3658_r3549_p1328/	5000	0.0003698	0.0871127
mc12_8TeV.172093.Herwigpp_UEEE3_CTEQ6L1_RPV_400_135_SlepL_121.merge.NTUP_SUSY.e1500_s1499_s1504_r3658_r3549_p1328/	5000	0.0003698	0.0871127
mc12_8TeV.172094.Herwigpp_UEEE3_CTEQ6L1_RPV_400_200_SlepL_121.merge.NTUP_SUSY.e1500_s1499_s1504_r3658_r3549_p1328/	5000	0.0003698	0.0871127
mc12_8TeV.172095.Herwigpp_UEEE3_CTEQ6L1_RPV_400_300_SlepL_121.merge.NTUP_SUSY.e1500_s1499_s1504_r3658_r3549_p1328/	5000	0.0003698	0.0871127
mc12_8TeV.172096.Herwigpp_UEEE3_CTEQ6L1_RPV_400_350_SlepL_121.merge.NTUP_SUSY.e1500_s1499_s1504_r3658_r3549_p1328/	5000	0.0003698	0.0871127
mc12_8TeV.172097.Herwigpp_UEEE3_CTEQ6L1_RPV_400_390_SlepL_121.merge.NTUP_SUSY.e1500_s1499_s1504_r3658_r3549_p1328/	5000	0.0003698	0.0871127
mc12_8TeV.172098.Herwigpp_UEEE3_CTEQ6L1_RPV_500_10_SlepL_121.merge.NTUP_SUSY.e1500_s1499_s1504_r3658_r3549_p1328/	19999	0.0001105	0.1000528
mc12_8TeV.172099.Herwigpp_UEEE3_CTEQ6L1_RPV_500_50_SlepL_121.merge.NTUP_SUSY.e1500_s1499_s1504_r3658_r3549_p1328/	5000	0.0001105	0.1000528
mc12_8TeV.172100.Herwigpp_UEEE3_CTEQ6L1_RPV_500_100_SlepL_121.merge.NTUP_SUSY.e1500_s1499_s1504_r3658_r3549_p1328/	4999	0.0001105	0.1000528
mc12_8TeV.172101.Herwigpp_UEEE3_CTEQ6L1_RPV_500_135_SlepL_121.merge.NTUP_SUSY.e1500_s1499_s1504_r3658_r3549_p1328/	5000	0.0001105	0.1000528
mc12_8TeV.172102.Herwigpp_UEEE3_CTEQ6L1_RPV_500_200_SlepL_121.merge.NTUP_SUSY.e1500_s1499_s1504_r3658_r3549_p1328/	5000	0.0001105	0.1000528
mc12_8TeV.172103.Herwigpp_UEEE3_CTEQ6L1_RPV_500_300_SlepL_121.merge.NTUP_SUSY.e1500_s1499_s1504_r3658_r3549_p1328/	5000	0.0001105	0.1000528
mc12_8TeV.172104.Herwigpp_UEEE3_CTEQ6L1_RPV_500_400_SlepL_121.merge.NTUP_SUSY.e1500_s1499_s1504_r3658_r3549_p1328/	4999	0.0001105	0.1000528
mc12_8TeV.172105.Herwigpp_UEEE3_CTEQ6L1_RPV_500_450_SlepL_121.merge.NTUP_SUSY.e1500_s1499_s1504_r3658_r3549_p1328/	5000	0.0001105	0.1000528
mc12_8TeV.172106.Herwigpp_UEEE3_CTEQ6L1_RPV_500_490_SlepL_121.merge.NTUP_SUSY.e1500_s1499_s1504_r3658_r3549_p1328/	5000	0.0001105	0.1000528
mc12_8TeV.172107.Herwigpp_UEEE3_CTEQ6L1_RPV_600_10_SlepL_121.merge.NTUP_SUSY.e1500_s1499_s1504_r3658_r3549_p1328/	30000	3.696e-05	0.1037815
mc12_8TeV.172108.Herwigpp_UEEE3_CTEQ6L1_RPV_600_50_SlepL_121.merge.NTUP_SUSY.e1500_s1499_s1504_r3658_r3549_p1328/	5000	3.696e-05	0.1037815
mc12_8TeV.172109.Herwigpp_UEEE3_CTEQ6L1_RPV_600_100_SlepL_121.merge.NTUP_SUSY.e1500_s1499_s1504_r3658_r3549_p1328/	5000	3.696e-05	0.1037815
mc12_8TeV.172110.Herwigpp_UEEE3_CTEQ6L1_RPV_600_135_SlepL_121.merge.NTUP_SUSY.e1500_s1499_s1504_r3658_r3549_p1328/	5000	3.696e-05	0.1037815
mc12_8TeV.172111.Herwigpp_UEEE3_CTEQ6L1_RPV_600_200_SlepL_121.merge.NTUP_SUSY.e1500_s1499_s1504_r3658_r3549_p1328/	5000	3.696e-05	0.1037815
mc12_8TeV.172112.Herwigpp_UEEE3_CTEQ6L1_RPV_600_300_SlepL_121.merge.NTUP_SUSY.e1500_s1499_s1504_r3658_r3549_p1328/	5000	3.696e-05	0.1037815
mc12_8TeV.172113.Herwigpp_UEEE3_CTEQ6L1_RPV_600_400_SlepL_121.merge.NTUP_SUSY.e1500_s1499_s1504_r3658_r3549_p1328/	5000	3.696e-05	0.1037815
mc12_8TeV.172114.Herwigpp_UEEE3_CTEQ6L1_RPV_600_500_SlepL_121.merge.NTUP_SUSY.e1500_s1499_s1504_r3658_r3549_p1328/	5000	3.696e-05	0.1037815
mc12_8TeV.172115.Herwigpp_UEEE3_CTEQ6L1_RPV_600_550_SlepL_121.merge.NTUP_SUSY.e1500_s1499_s1504_r3658_r3549_p1328/	5000	3.696e-05	0.1037815
mc12_8TeV.172116.Herwigpp_UEEE3_CTEQ6L1_RPV_600_590_SlepL_121.merge.NTUP_SUSY.e1500_s1499_s1504_r3658_r3549_p1328/	5000	3.696e-05	0.1037815
mc12_8TeV.172117.Herwigpp_UEEE3_CTEQ6L1_RPV_75_10_SlepL_122.merge.NTUP_SUSY.e1500_s1499_s1504_r3658_r3549_p1328/	25000	0.3944800	0.0381657
mc12_8TeV.172118.Herwigpp_UEEE3_CTEQ6L1_RPV_75_65_SlepL_122.merge.NTUP_SUSY.e1500_s1499_s1504_r3658_r3549_p1328/	15000	0.3944800	0.0381657
mc12_8TeV.172119.Herwigpp_UEEE3_CTEQ6L1_RPV_150_10_SlepL_122.merge.NTUP_SUSY.e1500_s1499_s1504_r3658_r3549_p1328/	9500	0.0285512	0.0559488
mc12_8TeV.172120.Herwigpp_UEEE3_CTEQ6L1_RPV_150_50_SlepL_122.merge.NTUP_SUSY.e1500_s1499_s1504_r3658_r3549_p1328/	5000	0.0285512	0.0559488
mc12_8TeV.172121.Herwigpp_UEEE3_CTEQ6L1_RPV_150_140_SlepL_122.merge.NTUP_SUSY.e1500_s1499_s1504_r3658_r3549_p1328/	5000	0.0285512	0.0559488
mc12_8TeV.172122.Herwigpp_UEEE3_CTEQ6L1_RPV_225_10_SlepL_122.merge.NTUP_SUSY.e1500_s1499_s1504_r3658_r3549_p1328/	5000	0.0054613	0.0673752
mc12_8TeV.172123.Herwigpp_UEEE3_CTEQ6L1_RPV_225_100_SlepL_122.merge.NTUP_SUSY.e1500_s1499_s1504_r3658_r3549_p1328/	5000	0.0054613	0.0673752
mc12_8TeV.172124.Herwigpp_UEEE3_CTEQ6L1_RPV_225_190_SlepL_122.merge.NTUP_SUSY.e1500_s1499_s1504_r3658_r3549_p1328/	5000	0.0054613	0.0673752
mc12_8TeV.172125.Herwigpp_UEEE3_CTEQ6L1_RPV_300_10_SlepL_122.merge.NTUP_SUSY.e1500_s1499_s1504_r3658_r3549_p1328/	10000	0.0015114	0.0778987
mc12_8TeV.172126.Herwigpp_UEEE3_CTEQ6L1_RPV_300_50_SlepL_122.merge.NTUP_SUSY.e1500_s1499_s1504_r3658_r3549_p1328/	5000	0.0015114	0.0778987
mc12_8TeV.172127.Herwigpp_UEEE3_CTEQ6L1_RPV_300_100_SlepL_122.merge.NTUP_SUSY.e1500_s1499_s1504_r3658_r3549_p1328/	5000	0.0015114	0.0778987
mc12_8TeV.172128.Herwigpp_UEEE3_CTEQ6L1_RPV_300_135_SlepL_122.merge.NTUP_SUSY.e1500_s1499_s1504_r3658_r3549_p1328/	5000	0.0015114	0.0778987
mc12_8TeV.172129.Herwigpp_UEEE3_CTEQ6L1_RPV_300_200_SlepL_122.merge.NTUP_SUSY.e1500_s1499_s1504_r3658_r3549_p1328/	5000	0.0015114	0.0778987
mc12_8TeV.172130.Herwigpp_UEEE3_CTEQ6L1_RPV_300_250_SlepL_122.merge.NTUP_SUSY.e1500_s1499_s1504_r3658_r3549_p1328/	5000	0.0015114	0.0778987
mc12_8TeV.172131.Herwigpp_UEEE3_CTEQ6L1_RPV_300_290_SlepL_122.merge.NTUP_SUSY.e1500_s1499_s1504_r3658_r3549_p1328/	4900	0.0015114	0.0778987
mc12_8TeV.172132.Herwigpp_UEEE3_CTEQ6L1_RPV_400_10_SlepL_122.merge.NTUP_SUSY.e1500_s1499_s1504_r3658_r3549_p1328/	15000	0.0003698	0.0871127
mc12_8TeV.172133.Herwigpp_UEEE3_CTEQ6L1_RPV_400_50_SlepL_122.merge.NTUP_SUSY.e1500_s1499_s1504_r3658_r3549_p1328/	5000	0.0003698	0.0871127
mc12_8TeV.172134.Herwigpp_UEEE3_CTEQ6L1_RPV_400_100_SlepL_122.merge.NTUP_SUSY.e1500_s1499_s1504_r3658_r3549_p1328/	5000	0.0003698	0.0871127
mc12_8TeV.172135.Herwigpp_UEEE3_CTEQ6L1_RPV_400_135_SlepL_122.merge.NTUP_SUSY.e1500_s1499_s1504_r3658_r3549_p1328/	5000	0.0003698	0.0871127
mc12_8TeV.172136.Herwigpp_UEEE3_CTEQ6L1_RPV_400_200_SlepL_122.merge.NTUP_SUSY.e1500_s1499_s1504_r3658_r3549_p1328/	5000	0.0003698	0.0871127
mc12_8TeV.172137.Herwigpp_UEEE3_CTEQ6L1_RPV_400_300_SlepL_122.merge.NTUP_SUSY.e1500_s1499_s1504_r3658_r3549_p1328/	5000	0.0003698	0.0871127
mc12_8TeV.172138.Herwigpp_UEEE3_CTEQ6L1_RPV_400_350_SlepL_122.merge.NTUP_SUSY.e1500_s1499_s1504_r3658_r3549_p1328/	5000	0.0003698	0.0871127
mc12_8TeV.172139.Herwigpp_UEEE3_CTEQ6L1_RPV_400_390_SlepL_122.merge.NTUP_SUSY.e1500_s1499_s1504_r3658_r3549_p1328/	5000	0.0003698	0.0871127
mc12_8TeV.172140.Herwigpp_UEEE3_CTEQ6L1_RPV_500_10_SlepL_122.merge.NTUP_SUSY.e1500_s1499_s1504_r3658_r3549_p1328/	20000	0.0001105	0.1000528
mc12_8TeV.172141.Herwigpp_UEEE3_CTEQ6L1_RPV_500_50_SlepL_122.merge.NTUP_SUSY.e1500_s1499_s1504_r3658_r3549_p1328/	5000	0.0001105	0.1000528
mc12_8TeV.172142.Herwigpp_UEEE3_CTEQ6L1_RPV_500_100_SlepL_122.merge.NTUP_SUSY.e1500_s1499_s1504_r3658_r3549_p1328/	5000	0.0001105	0.1000528
mc12_8TeV.172143.Herwigpp_UEEE3_CTEQ6L1_RPV_500_135_SlepL_122.merge.NTUP_SUSY.e1500_s1499_s1504_r3658_r3549_p1328/	5000	0.0001105	0.1000528
mc12_8TeV.172144.Herwigpp_UEEE3_CTEQ6L1_RPV_500_200_SlepL_122.merge.NTUP_SUSY.e1500_s1499_s1504_r3658_r3549_p1328/	5000	0.0001105	0.1000528
mc12_8TeV.172145.Herwigpp_UEEE3_CTEQ6L1_RPV_500_300_SlepL_122.merge.NTUP_SUSY.e1500_s1499_s1504_r3658_r3549_p1328/	5000	0.0001105	0.1000528
mc12_8TeV.172146.Herwigpp_UEEE3_CTEQ6L1_RPV_500_400_SlepL_122.merge.NTUP_SUSY.e1500_s1499_s1504_r3658_r3549_p1328/	5000	0.0001105	0.1000528
mc12_8TeV.172147.Herwigpp_UEEE3_CTEQ6L1_RPV_500_450_SlepL_122.merge.NTUP_SUSY.e1500_s1499_s1504_r3658_r3549_p1328/	5000	0.0001105	0.1000528
mc12_8TeV.172148.Herwigpp_UEEE3_CTEQ6L1_RPV_500_490_SlepL_122.merge.NTUP_SUSY.e1500_s1499_s1504_r3658_r3549_p1328/	5000	0.0001105	0.1000528
mc12_8TeV.172149.Herwigpp_UEEE3_CTEQ6L1_RPV_600_10_SlepL_122.merge.NTUP_SUSY.e1500_s1499_s1504_r3658_r3549_p1328/	29999	3.696e-05	0.1037815
mc12_8TeV.172150.Herwigpp_UEEE3_CTEQ6L1_RPV_600_50_SlepL_122.merge.NTUP_SUSY.e1500_s1499_s1504_r3658_r3549_p1328/	5000	3.696e-05	0.1037815
mc12_8TeV.172151.Herwigpp_UEEE3_CTEQ6L1_RPV_600_100_SlepL_122.merge.NTUP_SUSY.e1500_s1499_s1504_r3658_r3549_p1328/	5000	3.696e-05	0.1037815
mc12_8TeV.172152.Herwigpp_UEEE3_CTEQ6L1_RPV_600_135_SlepL_122.merge.NTUP_SUSY.e1500_s1499_s1504_r3658_r3549_p1328/	5000	3.696e-05	0.1037815
mc12_8TeV.172153.Herwigpp_UEEE3_CTEQ6L1_RPV_600_200_SlepL_122.merge.NTUP_SUSY.e1500_s1499_s1504_r3658_r3549_p1328/	5000	3.696e-05	0.1037815
mc12_8TeV.172154.Herwigpp_UEEE3_CTEQ6L1_RPV_600_300_SlepL_122.merge.NTUP_SUSY.e1500_s1499_s1504_r3658_r3549_p1328/	5000	3.696e-05	0.1037815
mc12_8TeV.172155.Herwigpp_UEEE3_CTEQ6L1_RPV_600_400_SlepL_122.merge.NTUP_SUSY.e1500_s1499_s1504_r3658_r3549_p1328/	5000	3.696e-05	0.1037815
mc12_8TeV.172156.Herwigpp_UEEE3_CTEQ6L1_RPV_600_500_SlepL_122.merge.NTUP_SUSY.e1500_s1499_s1504_r3658_r3549_p1328/	4900	3.696e-05	0.1037815
mc12_8TeV.172157.Herwigpp_UEEE3_CTEQ6L1_RPV_600_550_SlepL_122.merge.NTUP_SUSY.e1500_s1499_s1504_r3658_r3549_p1328/	5000	3.696e-05	0.1037815
mc12_8TeV.172158.Herwigpp_UEEE3_CTEQ6L1_RPV_600_590_SlepL_122.merge.NTUP_SUSY.e1500_s1499_s1504_r3658_r3549_p1328/	5000	3.696e-05	0.1037815
mc12_8TeV.172823.Herwigpp_UEEE3_CTEQ6L1_RPV_75_10_SlepL_133.merge.NTUP_SUSY.e1525_s1499_s1504_r3658_r3549_p1328/	25000	0.3944800	0.0381657
mc12_8TeV.172824.Herwigpp_UEEE3_CTEQ6L1_RPV_75_65_SlepL_133.merge.NTUP_SUSY.e1525_s1499_s1504_r3658_r3549_p1328/	15000	0.3944800	0.0381657
mc12_8TeV.172825.Herwigpp_UEEE3_CTEQ6L1_RPV_150_10_SlepL_133.merge.NTUP_SUSY.e1525_s1499_s1504_r3658_r3549_p1328/	10000	0.0285512	0.0559488
mc12_8TeV.172826.Herwigpp_UEEE3_CTEQ6L1_RPV_150_50_SlepL_133.merge.NTUP_SUSY.e1525_s1499_s1504_r3658_r3549_p1328/	5000	0.0285512	0.0559488
mc12_8TeV.172827.Herwigpp_UEEE3_CTEQ6L1_RPV_150_140_SlepL_133.merge.NTUP_SUSY.e1525_s1499_s1504_r3658_r3549_p1328/	5000	0.0285512	0.0559488
mc12_8TeV.172828.Herwigpp_UEEE3_CTEQ6L1_RPV_225_10_SlepL_133.merge.NTUP_SUSY.e1525_s1499_s1504_r3658_r3549_p1328/	5000	0.0054613	0.0673752
mc12_8TeV.172829.Herwigpp_UEEE3_CTEQ6L1_RPV_225_100_SlepL_133.merge.NTUP_SUSY.e1525_s1499_s1504_r3658_r3549_p1328/	5000	0.0054613	0.0673752
mc12_8TeV.172830.Herwigpp_UEEE3_CTEQ6L1_RPV_225_190_SlepL_133.merge.NTUP_SUSY.e1525_s1499_s1504_r3658_r3549_p1328/	5000	0.0054613	0.0673752
mc12_8TeV.172831.Herwigpp_UEEE3_CTEQ6L1_RPV_300_10_SlepL_133.merge.NTUP_SUSY.e1525_s1499_s1504_r3658_r3549_p1328/	10000	0.0015114	0.0778987
mc12_8TeV.172832.Herwigpp_UEEE3_CTEQ6L1_RPV_300_50_SlepL_133.merge.NTUP_SUSY.e1525_s1499_s1504_r3658_r3549_p1328/	5000	0.0015114	0.0778987
mc12_8TeV.172833.Herwigpp_UEEE3_CTEQ6L1_RPV_300_100_SlepL_133.merge.NTUP_SUSY.e1525_s1499_s1504_r3658_r3549_p1328/	5000	0.0015114	0.0778987
mc12_8TeV.172834.Herwigpp_UEEE3_CTEQ6L1_RPV_300_135_SlepL_133.merge.NTUP_SUSY.e1525_s1499_s1504_r3658_r3549_p1328/	5000	0.0015114	0.0778987
mc12_8TeV.172835.Herwigpp_UEEE3_CTEQ6L1_RPV_300_200_SlepL_133.merge.NTUP_SUSY.e1525_s1499_s1504_r3658_r3549_p1328/	5000	0.0015114	0.0778987
mc12_8TeV.172836.Herwigpp_UEEE3_CTEQ6L1_RPV_300_250_SlepL_133.merge.NTUP_SUSY.e1525_s1499_s1504_r3658_r3549_p1328/	5000	0.0015114	0.0778987
mc12_8TeV.172837.Herwigpp_UEEE3_CTEQ6L1_RPV_300_290_SlepL_133.merge.NTUP_SUSY.e1525_s1499_s1504_r3658_r3549_p1328/	5000	0.0015114	0.0778987
mc12_8TeV.172838.Herwigpp_UEEE3_CTEQ6L1_RPV_400_10_SlepL_133.merge.NTUP_SUSY.e1525_s1499_s1504_r3658_r3549_p1328/	15000	0.0003698	0.0871127
mc12_8TeV.172839.Herwigpp_UEEE3_CTEQ6L1_RPV_400_50_SlepL_133.merge.NTUP_SUSY.e1525_s1499_s1504_r3658_r3549_p1328/	5000	0.0003698	0.0871127
mc12_8TeV.172840.Herwigpp_UEEE3_CTEQ6L1_RPV_400_100_SlepL_133.merge.NTUP_SUSY.e1525_s1499_s1504_r3658_r3549_p1328/	5000	0.0003698	0.0871127
mc12_8TeV.172841.Herwigpp_UEEE3_CTEQ6L1_RPV_400_135_SlepL_133.merge.NTUP_SUSY.e1525_s1499_s1504_r3658_r3549_p1328/	5000	0.0003698	0.0871127
mc12_8TeV.172842.Herwigpp_UEEE3_CTEQ6L1_RPV_400_200_SlepL_133.merge.NTUP_SUSY.e1525_s1499_s1504_r3658_r3549_p1328/	5000	0.0003698	0.0871127
mc12_8TeV.172843.Herwigpp_UEEE3_CTEQ6L1_RPV_400_300_SlepL_133.merge.NTUP_SUSY.e1525_s1499_s1504_r3658_r3549_p1328/	5000	0.0003698	0.0871127
mc12_8TeV.172844.Herwigpp_UEEE3_CTEQ6L1_RPV_400_350_SlepL_133.merge.NTUP_SUSY.e1525_s1499_s1504_r3658_r3549_p1328/	5000	0.0003698	0.0871127
mc12_8TeV.172845.Herwigpp_UEEE3_CTEQ6L1_RPV_400_390_SlepL_133.merge.NTUP_SUSY.e1525_s1499_s1504_r3658_r3549_p1328/	5000	0.0003698	0.0871127
mc12_8TeV.172846.Herwigpp_UEEE3_CTEQ6L1_RPV_500_10_SlepL_133.merge.NTUP_SUSY.e1525_s1499_s1504_r3658_r3549_p1328/	20000	0.0001105	0.1000528
mc12_8TeV.172847.Herwigpp_UEEE3_CTEQ6L1_RPV_500_50_SlepL_133.merge.NTUP_SUSY.e1525_s1499_s1504_r3658_r3549_p1328/	5000	0.0001105	0.1000528
mc12_8TeV.172848.Herwigpp_UEEE3_CTEQ6L1_RPV_500_100_SlepL_133.merge.NTUP_SUSY.e1525_s1499_s1504_r3658_r3549_p1328/	5000	0.0001105	0.1000528
mc12_8TeV.172849.Herwigpp_UEEE3_CTEQ6L1_RPV_500_135_SlepL_133.merge.NTUP_SUSY.e1525_s1499_s1504_r3658_r3549_p1328/	5000	0.0001105	0.1000528
mc12_8TeV.172850.Herwigpp_UEEE3_CTEQ6L1_RPV_500_200_SlepL_133.merge.NTUP_SUSY.e1525_s1499_s1504_r3658_r3549_p1328/	5000	0.0001105	0.1000528
mc12_8TeV.172851.Herwigpp_UEEE3_CTEQ6L1_RPV_500_300_SlepL_133.merge.NTUP_SUSY.e1525_s1499_s1504_r3658_r3549_p1328/	5000	0.0001105	0.1000528
mc12_8TeV.172852.Herwigpp_UEEE3_CTEQ6L1_RPV_500_400_SlepL_133.merge.NTUP_SUSY.e1525_s1499_s1504_r3658_r3549_p1328/	5000	0.0001105	0.1000528
mc12_8TeV.172853.Herwigpp_UEEE3_CTEQ6L1_RPV_500_450_SlepL_133.merge.NTUP_SUSY.e1525_s1499_s1504_r3658_r3549_p1328/	5000	0.0001105	0.1000528
mc12_8TeV.172854.Herwigpp_UEEE3_CTEQ6L1_RPV_500_490_SlepL_133.merge.NTUP_SUSY.e1525_s1499_s1504_r3658_r3549_p1328/	5000	0.0001105	0.1000528
mc12_8TeV.172855.Herwigpp_UEEE3_CTEQ6L1_RPV_600_10_SlepL_133.merge.NTUP_SUSY.e1525_s1499_s1504_r3658_r3549_p1328/	30000	3.696e-05	0.1037815
mc12_8TeV.172856.Herwigpp_UEEE3_CTEQ6L1_RPV_600_50_SlepL_133.merge.NTUP_SUSY.e1525_s1499_s1504_r3658_r3549_p1328/	5000	3.696e-05	0.1037815
mc12_8TeV.172857.Herwigpp_UEEE3_CTEQ6L1_RPV_600_100_SlepL_133.merge.NTUP_SUSY.e1525_s1499_s1504_r3658_r3549_p1328/	5000	3.696e-05	0.1037815
mc12_8TeV.172858.Herwigpp_UEEE3_CTEQ6L1_RPV_600_135_SlepL_133.merge.NTUP_SUSY.e1525_s1499_s1504_r3658_r3549_p1328/	5000	3.696e-05	0.1037815
mc12_8TeV.172859.Herwigpp_UEEE3_CTEQ6L1_RPV_600_200_SlepL_133.merge.NTUP_SUSY.e1525_s1499_s1504_r3658_r3549_p1328/	5000	3.696e-05	0.1037815
mc12_8TeV.172860.Herwigpp_UEEE3_CTEQ6L1_RPV_600_300_SlepL_133.merge.NTUP_SUSY.e1525_s1499_s1504_r3658_r3549_p1328/	5000	3.696e-05	0.1037815
mc12_8TeV.172861.Herwigpp_UEEE3_CTEQ6L1_RPV_600_400_SlepL_133.merge.NTUP_SUSY.e1525_s1499_s1504_r3658_r3549_p1328/	5000	3.696e-05	0.1037815
mc12_8TeV.172862.Herwigpp_UEEE3_CTEQ6L1_RPV_600_500_SlepL_133.merge.NTUP_SUSY.e1525_s1499_s1504_r3658_r3549_p1328/	5000	3.696e-05	0.1037815
mc12_8TeV.172863.Herwigpp_UEEE3_CTEQ6L1_RPV_600_550_SlepL_133.merge.NTUP_SUSY.e1525_s1499_s1504_r3658_r3549_p1328/	5000	3.696e-05	0.1037815
mc12_8TeV.172864.Herwigpp_UEEE3_CTEQ6L1_RPV_600_590_SlepL_133.merge.NTUP_SUSY.e1525_s1499_s1504_r3658_r3549_p1328/	4999	3.696e-05	0.1037815
mc12_8TeV.172865.Herwigpp_UEEE3_CTEQ6L1_RPV_75_10_SlepL_233.merge.NTUP_SUSY.e1525_s1499_s1504_r3658_r3549_p1328/	25000	0.3944800	0.0381657
mc12_8TeV.172866.Herwigpp_UEEE3_CTEQ6L1_RPV_75_65_SlepL_233.merge.NTUP_SUSY.e1525_s1499_s1504_r3658_r3549_p1328/	15000	0.3944800	0.0381657
mc12_8TeV.172867.Herwigpp_UEEE3_CTEQ6L1_RPV_150_10_SlepL_233.merge.NTUP_SUSY.e1525_s1499_s1504_r3658_r3549_p1328/	10000	0.0285512	0.0559488
mc12_8TeV.172868.Herwigpp_UEEE3_CTEQ6L1_RPV_150_50_SlepL_233.merge.NTUP_SUSY.e1525_s1499_s1504_r3658_r3549_p1328/	4000	0.0285512	0.0559488
mc12_8TeV.172869.Herwigpp_UEEE3_CTEQ6L1_RPV_150_140_SlepL_233.merge.NTUP_SUSY.e1525_s1499_s1504_r3658_r3549_p1328/	5000	0.0285512	0.0559488
mc12_8TeV.172870.Herwigpp_UEEE3_CTEQ6L1_RPV_225_10_SlepL_233.merge.NTUP_SUSY.e1525_s1499_s1504_r3658_r3549_p1328/	4999	0.0054613	0.0673752
mc12_8TeV.172871.Herwigpp_UEEE3_CTEQ6L1_RPV_225_100_SlepL_233.merge.NTUP_SUSY.e1525_s1499_s1504_r3658_r3549_p1328/	5000	0.0054613	0.0673752
mc12_8TeV.172872.Herwigpp_UEEE3_CTEQ6L1_RPV_225_190_SlepL_233.merge.NTUP_SUSY.e1525_s1499_s1504_r3658_r3549_p1328/	5000	0.0054613	0.0673752
mc12_8TeV.172873.Herwigpp_UEEE3_CTEQ6L1_RPV_300_10_SlepL_233.merge.NTUP_SUSY.e1525_s1499_s1504_r3658_r3549_p1328/	10000	0.0015114	0.0778987
mc12_8TeV.172874.Herwigpp_UEEE3_CTEQ6L1_RPV_300_50_SlepL_233.merge.NTUP_SUSY.e1525_s1499_s1504_r3658_r3549_p1328/	5000	0.0015114	0.0778987
mc12_8TeV.172875.Herwigpp_UEEE3_CTEQ6L1_RPV_300_100_SlepL_233.merge.NTUP_SUSY.e1525_s1499_s1504_r3658_r3549_p1328/	4900	0.0015114	0.0778987
mc12_8TeV.172876.Herwigpp_UEEE3_CTEQ6L1_RPV_300_135_SlepL_233.merge.NTUP_SUSY.e1525_s1499_s1504_r3658_r3549_p1328/	5000	0.0015114	0.0778987
mc12_8TeV.172877.Herwigpp_UEEE3_CTEQ6L1_RPV_300_200_SlepL_233.merge.NTUP_SUSY.e1525_s1499_s1504_r3658_r3549_p1328/	3000	0.0015114	0.0778987
mc12_8TeV.172878.Herwigpp_UEEE3_CTEQ6L1_RPV_300_250_SlepL_233.merge.NTUP_SUSY.e1525_s1499_s1504_r3658_r3549_p1328/	5000	0.0015114	0.0778987
mc12_8TeV.172879.Herwigpp_UEEE3_CTEQ6L1_RPV_300_290_SlepL_233.merge.NTUP_SUSY.e1525_s1499_s1504_r3658_r3549_p1328/	5000	0.0015114	0.0778987
mc12_8TeV.172880.Herwigpp_UEEE3_CTEQ6L1_RPV_400_10_SlepL_233.merge.NTUP_SUSY.e1525_s1499_s1504_r3658_r3549_p1328/	15000	0.0003698	0.0871127
mc12_8TeV.172881.Herwigpp_UEEE3_CTEQ6L1_RPV_400_50_SlepL_233.merge.NTUP_SUSY.e1525_s1499_s1504_r3658_r3549_p1328/	5000	0.0003698	0.0871127
mc12_8TeV.172882.Herwigpp_UEEE3_CTEQ6L1_RPV_400_100_SlepL_233.merge.NTUP_SUSY.e1525_s1499_s1504_r3658_r3549_p1328/	5000	0.0003698	0.0871127
mc12_8TeV.172883.Herwigpp_UEEE3_CTEQ6L1_RPV_400_135_SlepL_233.merge.NTUP_SUSY.e1525_s1499_s1504_r3658_r3549_p1328/	5000	0.0003698	0.0871127
mc12_8TeV.172884.Herwigpp_UEEE3_CTEQ6L1_RPV_400_200_SlepL_233.merge.NTUP_SUSY.e1525_s1499_s1504_r3658_r3549_p1328/	4999	0.0003698	0.0871127
mc12_8TeV.172885.Herwigpp_UEEE3_CTEQ6L1_RPV_400_300_SlepL_233.merge.NTUP_SUSY.e1525_s1499_s1504_r3658_r3549_p1328/	5000	0.0003698	0.0871127
mc12_8TeV.172886.Herwigpp_UEEE3_CTEQ6L1_RPV_400_350_SlepL_233.merge.NTUP_SUSY.e1525_s1499_s1504_r3658_r3549_p1328/	5000	0.0003698	0.0871127
mc12_8TeV.172887.Herwigpp_UEEE3_CTEQ6L1_RPV_400_390_SlepL_233.merge.NTUP_SUSY.e1525_s1499_s1504_r3658_r3549_p1328/	5000	0.0003698	0.0871127
mc12_8TeV.172888.Herwigpp_UEEE3_CTEQ6L1_RPV_500_10_SlepL_233.merge.NTUP_SUSY.e1525_s1499_s1504_r3658_r3549_p1328/	20000	0.0001105	0.1000528
mc12_8TeV.172889.Herwigpp_UEEE3_CTEQ6L1_RPV_500_50_SlepL_233.merge.NTUP_SUSY.e1525_s1499_s1504_r3658_r3549_p1328/	5000	0.0001105	0.1000528
mc12_8TeV.172890.Herwigpp_UEEE3_CTEQ6L1_RPV_500_100_SlepL_233.merge.NTUP_SUSY.e1525_s1499_s1504_r3658_r3549_p1328/	5000	0.0001105	0.1000528
mc12_8TeV.172891.Herwigpp_UEEE3_CTEQ6L1_RPV_500_135_SlepL_233.merge.NTUP_SUSY.e1525_s1499_s1504_r3658_r3549_p1328/	5000	0.0001105	0.1000528
mc12_8TeV.172892.Herwigpp_UEEE3_CTEQ6L1_RPV_500_200_SlepL_233.merge.NTUP_SUSY.e1525_s1499_s1504_r3658_r3549_p1328/	4999	0.0001105	0.1000528
mc12_8TeV.172893.Herwigpp_UEEE3_CTEQ6L1_RPV_500_300_SlepL_233.merge.NTUP_SUSY.e1525_s1499_s1504_r3658_r3549_p1328/	5000	0.0001105	0.1000528
mc12_8TeV.172894.Herwigpp_UEEE3_CTEQ6L1_RPV_500_400_SlepL_233.merge.NTUP_SUSY.e1525_s1499_s1504_r3658_r3549_p1328/	5000	0.0001105	0.1000528
mc12_8TeV.172895.Herwigpp_UEEE3_CTEQ6L1_RPV_500_450_SlepL_233.merge.NTUP_SUSY.e1525_s1499_s1504_r3658_r3549_p1328/	5000	0.0001105	0.1000528
mc12_8TeV.172896.Herwigpp_UEEE3_CTEQ6L1_RPV_500_490_SlepL_233.merge.NTUP_SUSY.e1525_s1499_s1504_r3658_r3549_p1328/	5000	0.0001105	0.1000528
mc12_8TeV.172897.Herwigpp_UEEE3_CTEQ6L1_RPV_600_10_SlepL_233.merge.NTUP_SUSY.e1525_s1499_s1504_r3658_r3549_p1328/	30000	3.696e-05	0.1037815
mc12_8TeV.172898.Herwigpp_UEEE3_CTEQ6L1_RPV_600_50_SlepL_233.merge.NTUP_SUSY.e1525_s1499_s1504_r3658_r3549_p1328/	5000	3.696e-05	0.1037815
mc12_8TeV.172899.Herwigpp_UEEE3_CTEQ6L1_RPV_600_100_SlepL_233.merge.NTUP_SUSY.e1525_s1499_s1504_r3658_r3549_p1328/	5000	3.696e-05	0.1037815
mc12_8TeV.172900.Herwigpp_UEEE3_CTEQ6L1_RPV_600_135_SlepL_233.merge.NTUP_SUSY.e1525_s1499_s1504_r3658_r3549_p1328/	5000	3.696e-05	0.1037815
mc12_8TeV.172901.Herwigpp_UEEE3_CTEQ6L1_RPV_600_200_SlepL_233.merge.NTUP_SUSY.e1525_s1499_s1504_r3658_r3549_p1328/	5000	3.696e-05	0.1037815
mc12_8TeV.172902.Herwigpp_UEEE3_CTEQ6L1_RPV_600_300_SlepL_233.merge.NTUP_SUSY.e1525_s1499_s1504_r3658_r3549_p1328/	5000	3.696e-05	0.1037815
mc12_8TeV.172903.Herwigpp_UEEE3_CTEQ6L1_RPV_600_400_SlepL_233.merge.NTUP_SUSY.e1525_s1499_s1504_r3658_r3549_p1328/	5000	3.696e-05	0.1037815
mc12_8TeV.172904.Herwigpp_UEEE3_CTEQ6L1_RPV_600_500_SlepL_233.merge.NTUP_SUSY.e1525_s1499_s1504_r3658_r3549_p1328/	5000	3.696e-05	0.1037815
mc12_8TeV.172905.Herwigpp_UEEE3_CTEQ6L1_RPV_600_550_SlepL_233.merge.NTUP_SUSY.e1525_s1499_s1504_r3658_r3549_p1328/	5000	3.696e-05	0.1037815
mc12_8TeV.172906.Herwigpp_UEEE3_CTEQ6L1_RPV_600_590_SlepL_233.merge.NTUP_SUSY.e1525_s1499_s1504_r3658_r3549_p1328/	5000	3.696e-05	0.1037815
