mc12_8TeV.172573.Herwigpp_UEEE3_CTEQ6L1_RPV_500_50_Gluino_121.merge.NTUP_SUSY.e1503_a159_a171_r3549_p1328/	5000	4.4607873	0.1596369
mc12_8TeV.172574.Herwigpp_UEEE3_CTEQ6L1_RPV_500_200_Gluino_121.merge.NTUP_SUSY.e1503_a159_a171_r3549_p1328/	5000	4.4607873	0.1596369
mc12_8TeV.172575.Herwigpp_UEEE3_CTEQ6L1_RPV_500_400_Gluino_121.merge.NTUP_SUSY.e1503_a159_a171_r3549_p1328/	5000	4.4607873	0.1596369
mc12_8TeV.172576.Herwigpp_UEEE3_CTEQ6L1_RPV_500_490_Gluino_121.merge.NTUP_SUSY.e1503_a159_a171_r3549_p1328/	5000	4.4607873	0.1596369
mc12_8TeV.172577.Herwigpp_UEEE3_CTEQ6L1_RPV_800_10_Gluino_121.merge.NTUP_SUSY.e1503_a159_a171_r3549_p1328/	299999	0.1497142	0.2123873
mc12_8TeV.172578.Herwigpp_UEEE3_CTEQ6L1_RPV_800_50_Gluino_121.merge.NTUP_SUSY.e1503_a159_a171_r3549_p1328/	5000	0.1497142	0.2123873
mc12_8TeV.172579.Herwigpp_UEEE3_CTEQ6L1_RPV_800_200_Gluino_121.merge.NTUP_SUSY.e1503_a159_a171_r3549_p1328/	5000	0.1497142	0.2123873
mc12_8TeV.172580.Herwigpp_UEEE3_CTEQ6L1_RPV_800_400_Gluino_121.merge.NTUP_SUSY.e1503_a159_a171_r3549_p1328/	5000	0.1497142	0.2123873
mc12_8TeV.172581.Herwigpp_UEEE3_CTEQ6L1_RPV_800_600_Gluino_121.merge.NTUP_SUSY.e1503_a159_a171_r3549_p1328/	5000	0.1497142	0.2123873
mc12_8TeV.172582.Herwigpp_UEEE3_CTEQ6L1_RPV_800_750_Gluino_121.merge.NTUP_SUSY.e1503_a159_a171_r3549_p1328/	5000	0.1497142	0.2123873
mc12_8TeV.172583.Herwigpp_UEEE3_CTEQ6L1_RPV_800_790_Gluino_121.merge.NTUP_SUSY.e1503_a159_a171_r3549_p1328/	5000	0.1497142	0.2123873
mc12_8TeV.172584.Herwigpp_UEEE3_CTEQ6L1_RPV_1100_10_Gluino_121.merge.NTUP_SUSY.e1503_a159_a171_r3549_p1328/	60000	0.0092532	0.3099070
mc12_8TeV.172585.Herwigpp_UEEE3_CTEQ6L1_RPV_1100_50_Gluino_121.merge.NTUP_SUSY.e1503_a159_a171_r3549_p1328/	5000	0.0092532	0.3099070
mc12_8TeV.172586.Herwigpp_UEEE3_CTEQ6L1_RPV_1100_200_Gluino_121.merge.NTUP_SUSY.e1503_a159_a171_r3549_p1328/	5000	0.0092532	0.3099070
mc12_8TeV.172587.Herwigpp_UEEE3_CTEQ6L1_RPV_1100_400_Gluino_121.merge.NTUP_SUSY.e1503_a159_a171_r3549_p1328/	5000	0.0092532	0.3099070
mc12_8TeV.172588.Herwigpp_UEEE3_CTEQ6L1_RPV_1100_600_Gluino_121.merge.NTUP_SUSY.e1503_a159_a171_r3549_p1328/	5000	0.0092532	0.3099070
mc12_8TeV.172589.Herwigpp_UEEE3_CTEQ6L1_RPV_1100_800_Gluino_121.merge.NTUP_SUSY.e1503_a159_a171_r3549_p1328/	5000	0.0092532	0.3099070
mc12_8TeV.172590.Herwigpp_UEEE3_CTEQ6L1_RPV_1100_1000_Gluino_121.merge.NTUP_SUSY.e1503_a159_a171_r3549_p1328/	5000	0.0092532	0.3099070
mc12_8TeV.172591.Herwigpp_UEEE3_CTEQ6L1_RPV_1100_1090_Gluino_121.merge.NTUP_SUSY.e1503_a159_a171_r3549_p1328/	5000	0.0092532	0.3099070
mc12_8TeV.172592.Herwigpp_UEEE3_CTEQ6L1_RPV_1400_50_Gluino_121.merge.NTUP_SUSY.e1503_a159_a171_r3549_p1328/	5000	0.0007431	0.4327889
mc12_8TeV.172593.Herwigpp_UEEE3_CTEQ6L1_RPV_1400_200_Gluino_121.merge.NTUP_SUSY.e1503_a159_a171_r3549_p1328/	5000	0.0007431	0.4327889
mc12_8TeV.172594.Herwigpp_UEEE3_CTEQ6L1_RPV_1400_400_Gluino_121.merge.NTUP_SUSY.e1503_a159_a171_r3549_p1328/	5000	0.0007431	0.4327889
mc12_8TeV.172595.Herwigpp_UEEE3_CTEQ6L1_RPV_1400_600_Gluino_121.merge.NTUP_SUSY.e1503_a159_a171_r3549_p1328/	5000	0.0007431	0.4327889
mc12_8TeV.172596.Herwigpp_UEEE3_CTEQ6L1_RPV_1400_800_Gluino_121.merge.NTUP_SUSY.e1503_a159_a171_r3549_p1328/	5000	0.0007431	0.4327889
mc12_8TeV.172597.Herwigpp_UEEE3_CTEQ6L1_RPV_1400_1000_Gluino_121.merge.NTUP_SUSY.e1503_a159_a171_r3549_p1328/	5000	0.0007431	0.4327889
mc12_8TeV.172598.Herwigpp_UEEE3_CTEQ6L1_RPV_1400_1300_Gluino_121.merge.NTUP_SUSY.e1503_a159_a171_r3549_p1328/	5000	0.0007431	0.4327889
mc12_8TeV.172599.Herwigpp_UEEE3_CTEQ6L1_RPV_1400_1390_Gluino_121.merge.NTUP_SUSY.e1503_a159_a171_r3549_p1328/	5000	0.0007431	0.4327889
mc12_8TeV.172600.Herwigpp_UEEE3_CTEQ6L1_RPV_1700_50_Gluino_121.merge.NTUP_SUSY.e1503_a159_a171_r3549_p1328/	5000	6.596e-05	0.5762932
mc12_8TeV.172601.Herwigpp_UEEE3_CTEQ6L1_RPV_1700_200_Gluino_121.merge.NTUP_SUSY.e1503_a159_a171_r3549_p1328/	5000	6.596e-05	0.5762932
mc12_8TeV.172602.Herwigpp_UEEE3_CTEQ6L1_RPV_1700_400_Gluino_121.merge.NTUP_SUSY.e1503_a159_a171_r3549_p1328/	5000	6.596e-05	0.5762932
mc12_8TeV.172603.Herwigpp_UEEE3_CTEQ6L1_RPV_1700_600_Gluino_121.merge.NTUP_SUSY.e1503_a159_a171_r3549_p1328/	5000	6.596e-05	0.5762932
mc12_8TeV.172604.Herwigpp_UEEE3_CTEQ6L1_RPV_1700_800_Gluino_121.merge.NTUP_SUSY.e1503_a159_a171_r3549_p1328/	5000	6.596e-05	0.5762932
mc12_8TeV.172605.Herwigpp_UEEE3_CTEQ6L1_RPV_1700_1000_Gluino_121.merge.NTUP_SUSY.e1503_a159_a171_r3549_p1328/	5000	6.596e-05	0.5762932
mc12_8TeV.172606.Herwigpp_UEEE3_CTEQ6L1_RPV_1700_1200_Gluino_121.merge.NTUP_SUSY.e1503_a159_a171_r3549_p1328/	5000	6.596e-05	0.5762932
mc12_8TeV.172607.Herwigpp_UEEE3_CTEQ6L1_RPV_1700_1400_Gluino_121.merge.NTUP_SUSY.e1503_a159_a171_r3549_p1328/	5000	6.596e-05	0.5762932
mc12_8TeV.172608.Herwigpp_UEEE3_CTEQ6L1_RPV_1700_1600_Gluino_121.merge.NTUP_SUSY.e1503_a159_a171_r3549_p1328/	5000	6.596e-05	0.5762932
mc12_8TeV.172609.Herwigpp_UEEE3_CTEQ6L1_RPV_1700_1690_Gluino_121.merge.NTUP_SUSY.e1503_a159_a171_r3549_p1328/	5000	6.596e-05	0.5762932
mc12_8TeV.172611.Herwigpp_UEEE3_CTEQ6L1_RPV_500_50_Gluino_122.merge.NTUP_SUSY.e1503_a159_a171_r3549_p1328/	5000	4.4607873	0.1596369
mc12_8TeV.172612.Herwigpp_UEEE3_CTEQ6L1_RPV_500_200_Gluino_122.merge.NTUP_SUSY.e1503_a159_a171_r3549_p1328/	5000	4.4607873	0.1596369
mc12_8TeV.172613.Herwigpp_UEEE3_CTEQ6L1_RPV_500_400_Gluino_122.merge.NTUP_SUSY.e1503_a159_a171_r3549_p1328/	5000	4.4607873	0.1596369
mc12_8TeV.172614.Herwigpp_UEEE3_CTEQ6L1_RPV_500_490_Gluino_122.merge.NTUP_SUSY.e1503_a159_a171_r3549_p1328/	5000	4.4607873	0.1596369
mc12_8TeV.172616.Herwigpp_UEEE3_CTEQ6L1_RPV_800_50_Gluino_122.merge.NTUP_SUSY.e1503_a159_a171_r3549_p1328/	5000	0.1497142	0.2123873
mc12_8TeV.172617.Herwigpp_UEEE3_CTEQ6L1_RPV_800_200_Gluino_122.merge.NTUP_SUSY.e1503_a159_a171_r3549_p1328/	4000	0.1497142	0.2123873
mc12_8TeV.172618.Herwigpp_UEEE3_CTEQ6L1_RPV_800_400_Gluino_122.merge.NTUP_SUSY.e1503_a159_a171_r3549_p1328/	5000	0.1497142	0.2123873
mc12_8TeV.172619.Herwigpp_UEEE3_CTEQ6L1_RPV_800_600_Gluino_122.merge.NTUP_SUSY.e1503_a159_a171_r3549_p1328/	5000	0.1497142	0.2123873
mc12_8TeV.172620.Herwigpp_UEEE3_CTEQ6L1_RPV_800_750_Gluino_122.merge.NTUP_SUSY.e1503_a159_a171_r3549_p1328/	5000	0.1497142	0.2123873
mc12_8TeV.172621.Herwigpp_UEEE3_CTEQ6L1_RPV_800_790_Gluino_122.merge.NTUP_SUSY.e1503_a159_a171_r3549_p1328/	5000	0.1497142	0.2123873
mc12_8TeV.172622.Herwigpp_UEEE3_CTEQ6L1_RPV_1100_10_Gluino_122.merge.NTUP_SUSY.e1503_a159_a171_r3549_p1328/	60000	0.0092532	0.3099070
mc12_8TeV.172623.Herwigpp_UEEE3_CTEQ6L1_RPV_1100_50_Gluino_122.merge.NTUP_SUSY.e1503_a159_a171_r3549_p1328/	5000	0.0092532	0.3099070
mc12_8TeV.172624.Herwigpp_UEEE3_CTEQ6L1_RPV_1100_200_Gluino_122.merge.NTUP_SUSY.e1503_a159_a171_r3549_p1328/	5000	0.0092532	0.3099070
mc12_8TeV.172625.Herwigpp_UEEE3_CTEQ6L1_RPV_1100_400_Gluino_122.merge.NTUP_SUSY.e1503_a159_a171_r3549_p1328/	5000	0.0092532	0.3099070
mc12_8TeV.172626.Herwigpp_UEEE3_CTEQ6L1_RPV_1100_600_Gluino_122.merge.NTUP_SUSY.e1503_a159_a171_r3549_p1328/	5000	0.0092532	0.3099070
mc12_8TeV.172627.Herwigpp_UEEE3_CTEQ6L1_RPV_1100_800_Gluino_122.merge.NTUP_SUSY.e1503_a159_a171_r3549_p1328/	5000	0.0092532	0.3099070
mc12_8TeV.172628.Herwigpp_UEEE3_CTEQ6L1_RPV_1100_1000_Gluino_122.merge.NTUP_SUSY.e1503_a159_a171_r3549_p1328/	5000	0.0092532	0.3099070
mc12_8TeV.172629.Herwigpp_UEEE3_CTEQ6L1_RPV_1100_1090_Gluino_122.merge.NTUP_SUSY.e1503_a159_a171_r3549_p1328/	5000	0.0092532	0.3099070
mc12_8TeV.172630.Herwigpp_UEEE3_CTEQ6L1_RPV_1400_50_Gluino_122.merge.NTUP_SUSY.e1503_a159_a171_r3549_p1328/	5000	0.0007431	0.4327889
mc12_8TeV.172631.Herwigpp_UEEE3_CTEQ6L1_RPV_1400_200_Gluino_122.merge.NTUP_SUSY.e1503_a159_a171_r3549_p1328/	5000	0.0007431	0.4327889
mc12_8TeV.172632.Herwigpp_UEEE3_CTEQ6L1_RPV_1400_400_Gluino_122.merge.NTUP_SUSY.e1503_a159_a171_r3549_p1328/	5000	0.0007431	0.4327889
mc12_8TeV.172633.Herwigpp_UEEE3_CTEQ6L1_RPV_1400_600_Gluino_122.merge.NTUP_SUSY.e1503_a159_a171_r3549_p1328/	5000	0.0007431	0.4327889
mc12_8TeV.172634.Herwigpp_UEEE3_CTEQ6L1_RPV_1400_800_Gluino_122.merge.NTUP_SUSY.e1503_a159_a171_r3549_p1328/	5000	0.0007431	0.4327889
mc12_8TeV.172635.Herwigpp_UEEE3_CTEQ6L1_RPV_1400_1000_Gluino_122.merge.NTUP_SUSY.e1503_a159_a171_r3549_p1328/	5000	0.0007431	0.4327889
mc12_8TeV.172636.Herwigpp_UEEE3_CTEQ6L1_RPV_1400_1300_Gluino_122.merge.NTUP_SUSY.e1503_a159_a171_r3549_p1328/	5000	0.0007431	0.4327889
mc12_8TeV.172637.Herwigpp_UEEE3_CTEQ6L1_RPV_1400_1390_Gluino_122.merge.NTUP_SUSY.e1503_a159_a171_r3549_p1328/	5000	0.0007431	0.4327889
mc12_8TeV.172638.Herwigpp_UEEE3_CTEQ6L1_RPV_1700_50_Gluino_122.merge.NTUP_SUSY.e1503_a159_a171_r3549_p1328/	5000	6.596e-05	0.5762932
mc12_8TeV.172639.Herwigpp_UEEE3_CTEQ6L1_RPV_1700_200_Gluino_122.merge.NTUP_SUSY.e1503_a159_a171_r3549_p1328/	5000	6.596e-05	0.5762932
mc12_8TeV.172640.Herwigpp_UEEE3_CTEQ6L1_RPV_1700_400_Gluino_122.merge.NTUP_SUSY.e1503_a159_a171_r3549_p1328/	5000	6.596e-05	0.5762932
mc12_8TeV.172641.Herwigpp_UEEE3_CTEQ6L1_RPV_1700_600_Gluino_122.merge.NTUP_SUSY.e1503_a159_a171_r3549_p1328/	5000	6.596e-05	0.5762932
mc12_8TeV.172642.Herwigpp_UEEE3_CTEQ6L1_RPV_1700_800_Gluino_122.merge.NTUP_SUSY.e1503_a159_a171_r3549_p1328/	5000	6.596e-05	0.5762932
mc12_8TeV.172643.Herwigpp_UEEE3_CTEQ6L1_RPV_1700_1000_Gluino_122.merge.NTUP_SUSY.e1503_a159_a171_r3549_p1328/	5000	6.596e-05	0.5762932
mc12_8TeV.172644.Herwigpp_UEEE3_CTEQ6L1_RPV_1700_1200_Gluino_122.merge.NTUP_SUSY.e1503_a159_a171_r3549_p1328/	5000	6.596e-05	0.5762932
mc12_8TeV.172645.Herwigpp_UEEE3_CTEQ6L1_RPV_1700_1400_Gluino_122.merge.NTUP_SUSY.e1503_a159_a171_r3549_p1328/	5000	6.596e-05	0.5762932
mc12_8TeV.172646.Herwigpp_UEEE3_CTEQ6L1_RPV_1700_1600_Gluino_122.merge.NTUP_SUSY.e1503_a159_a171_r3549_p1328/	5000	6.596e-05	0.5762932
mc12_8TeV.172647.Herwigpp_UEEE3_CTEQ6L1_RPV_1700_1690_Gluino_122.merge.NTUP_SUSY.e1503_a159_a171_r3549_p1328/	5000	6.596e-05	0.5762932
mc12_8TeV.172956.Herwigpp_UEEE3_CTEQ6L1_RPV_500_50_Gluino_133.merge.NTUP_SUSY.e1525_s1499_s1504_r3658_r3549_p1328/	5000	4.4607873	0.1596369
mc12_8TeV.172957.Herwigpp_UEEE3_CTEQ6L1_RPV_500_200_Gluino_133.merge.NTUP_SUSY.e1525_s1499_s1504_r3658_r3549_p1328/	5000	4.4607873	0.1596369
mc12_8TeV.172958.Herwigpp_UEEE3_CTEQ6L1_RPV_500_400_Gluino_133.merge.NTUP_SUSY.e1525_s1499_s1504_r3658_r3549_p1328/	1000	4.4607873	0.1596369
mc12_8TeV.172959.Herwigpp_UEEE3_CTEQ6L1_RPV_500_490_Gluino_133.merge.NTUP_SUSY.e1525_s1499_s1504_r3658_r3549_p1328/	5000	4.4607873	0.1596369
mc12_8TeV.172960.Herwigpp_UEEE3_CTEQ6L1_RPV_800_10_Gluino_133.merge.NTUP_SUSY.e1525_s1499_s1504_r3658_r3549_p1328/	299894	0.1497142	0.2123873
mc12_8TeV.172961.Herwigpp_UEEE3_CTEQ6L1_RPV_800_50_Gluino_133.merge.NTUP_SUSY.e1525_s1499_s1504_r3658_r3549_p1328/	4999	0.1497142	0.2123873
mc12_8TeV.172962.Herwigpp_UEEE3_CTEQ6L1_RPV_800_200_Gluino_133.merge.NTUP_SUSY.e1525_s1499_s1504_r3658_r3549_p1328/	5000	0.1497142	0.2123873
mc12_8TeV.172963.Herwigpp_UEEE3_CTEQ6L1_RPV_800_400_Gluino_133.merge.NTUP_SUSY.e1525_s1499_s1504_r3658_r3549_p1328/	5000	0.1497142	0.2123873
mc12_8TeV.172964.Herwigpp_UEEE3_CTEQ6L1_RPV_800_600_Gluino_133.merge.NTUP_SUSY.e1525_s1499_s1504_r3658_r3549_p1328/	5000	0.1497142	0.2123873
mc12_8TeV.172965.Herwigpp_UEEE3_CTEQ6L1_RPV_800_750_Gluino_133.merge.NTUP_SUSY.e1525_s1499_s1504_r3658_r3549_p1328/	5000	0.1497142	0.2123873
mc12_8TeV.172966.Herwigpp_UEEE3_CTEQ6L1_RPV_800_790_Gluino_133.merge.NTUP_SUSY.e1525_s1499_s1504_r3658_r3549_p1328/	5000	0.1497142	0.2123873
mc12_8TeV.172967.Herwigpp_UEEE3_CTEQ6L1_RPV_1100_10_Gluino_133.merge.NTUP_SUSY.e1525_s1499_s1504_r3658_r3549_p1328/	59899	0.0092532	0.3099070
mc12_8TeV.172968.Herwigpp_UEEE3_CTEQ6L1_RPV_1100_50_Gluino_133.merge.NTUP_SUSY.e1525_s1499_s1504_r3658_r3549_p1328/	5000	0.0092532	0.3099070
mc12_8TeV.172969.Herwigpp_UEEE3_CTEQ6L1_RPV_1100_200_Gluino_133.merge.NTUP_SUSY.e1525_s1499_s1504_r3658_r3549_p1328/	5000	0.0092532	0.3099070
mc12_8TeV.172970.Herwigpp_UEEE3_CTEQ6L1_RPV_1100_400_Gluino_133.merge.NTUP_SUSY.e1525_s1499_s1504_r3658_r3549_p1328/	5000	0.0092532	0.3099070
mc12_8TeV.172971.Herwigpp_UEEE3_CTEQ6L1_RPV_1100_600_Gluino_133.merge.NTUP_SUSY.e1525_s1499_s1504_r3658_r3549_p1328/	5000	0.0092532	0.3099070
mc12_8TeV.172972.Herwigpp_UEEE3_CTEQ6L1_RPV_1100_800_Gluino_133.merge.NTUP_SUSY.e1525_s1499_s1504_r3658_r3549_p1328/	5000	0.0092532	0.3099070
mc12_8TeV.172973.Herwigpp_UEEE3_CTEQ6L1_RPV_1100_1000_Gluino_133.merge.NTUP_SUSY.e1525_s1499_s1504_r3658_r3549_p1328/	5000	0.0092532	0.3099070
mc12_8TeV.172974.Herwigpp_UEEE3_CTEQ6L1_RPV_1100_1090_Gluino_133.merge.NTUP_SUSY.e1525_s1499_s1504_r3658_r3549_p1328/	5000	0.0092532	0.3099070
mc12_8TeV.172975.Herwigpp_UEEE3_CTEQ6L1_RPV_1400_50_Gluino_133.merge.NTUP_SUSY.e1525_s1499_s1504_r3658_r3549_p1328/	3000	0.0007431	0.4327889
mc12_8TeV.172976.Herwigpp_UEEE3_CTEQ6L1_RPV_1400_200_Gluino_133.merge.NTUP_SUSY.e1525_s1499_s1504_r3658_r3549_p1328/	5000	0.0007431	0.4327889
mc12_8TeV.172977.Herwigpp_UEEE3_CTEQ6L1_RPV_1400_400_Gluino_133.merge.NTUP_SUSY.e1525_s1499_s1504_r3658_r3549_p1328/	5000	0.0007431	0.4327889
mc12_8TeV.172978.Herwigpp_UEEE3_CTEQ6L1_RPV_1400_600_Gluino_133.merge.NTUP_SUSY.e1525_s1499_s1504_r3658_r3549_p1328/	5000	0.0007431	0.4327889
mc12_8TeV.172979.Herwigpp_UEEE3_CTEQ6L1_RPV_1400_800_Gluino_133.merge.NTUP_SUSY.e1525_s1499_s1504_r3658_r3549_p1328/	5000	0.0007431	0.4327889
mc12_8TeV.172980.Herwigpp_UEEE3_CTEQ6L1_RPV_1400_1000_Gluino_133.merge.NTUP_SUSY.e1525_s1499_s1504_r3658_r3549_p1328/	5000	0.0007431	0.4327889
mc12_8TeV.172981.Herwigpp_UEEE3_CTEQ6L1_RPV_1400_1300_Gluino_133.merge.NTUP_SUSY.e1525_s1499_s1504_r3658_r3549_p1328/	4999	0.0007431	0.4327889
mc12_8TeV.172982.Herwigpp_UEEE3_CTEQ6L1_RPV_1400_1390_Gluino_133.merge.NTUP_SUSY.e1525_s1499_s1504_r3658_r3549_p1328/	4999	0.0007431	0.4327889
mc12_8TeV.172983.Herwigpp_UEEE3_CTEQ6L1_RPV_1700_50_Gluino_133.merge.NTUP_SUSY.e1525_s1499_s1504_r3658_r3549_p1328/	5000	6.596e-05	0.5762932
mc12_8TeV.172984.Herwigpp_UEEE3_CTEQ6L1_RPV_1700_200_Gluino_133.merge.NTUP_SUSY.e1525_s1499_s1504_r3658_r3549_p1328/	5000	6.596e-05	0.5762932
mc12_8TeV.172985.Herwigpp_UEEE3_CTEQ6L1_RPV_1700_400_Gluino_133.merge.NTUP_SUSY.e1525_s1499_s1504_r3658_r3549_p1328/	5000	6.596e-05	0.5762932
mc12_8TeV.172986.Herwigpp_UEEE3_CTEQ6L1_RPV_1700_600_Gluino_133.merge.NTUP_SUSY.e1525_s1499_s1504_r3658_r3549_p1328/	5000	6.596e-05	0.5762932
mc12_8TeV.172987.Herwigpp_UEEE3_CTEQ6L1_RPV_1700_800_Gluino_133.merge.NTUP_SUSY.e1525_s1499_s1504_r3658_r3549_p1328/	5000	6.596e-05	0.5762932
mc12_8TeV.172988.Herwigpp_UEEE3_CTEQ6L1_RPV_1700_1000_Gluino_133.merge.NTUP_SUSY.e1525_s1499_s1504_r3658_r3549_p1328/	5000	6.596e-05	0.5762932
mc12_8TeV.172989.Herwigpp_UEEE3_CTEQ6L1_RPV_1700_1200_Gluino_133.merge.NTUP_SUSY.e1525_s1499_s1504_r3658_r3549_p1328/	5000	6.596e-05	0.5762932
mc12_8TeV.172990.Herwigpp_UEEE3_CTEQ6L1_RPV_1700_1400_Gluino_133.merge.NTUP_SUSY.e1525_s1499_s1504_r3658_r3549_p1328/	4999	6.596e-05	0.5762932
mc12_8TeV.172991.Herwigpp_UEEE3_CTEQ6L1_RPV_1700_1600_Gluino_133.merge.NTUP_SUSY.e1525_s1499_s1504_r3658_r3549_p1328/	5000	6.596e-05	0.5762932
mc12_8TeV.172992.Herwigpp_UEEE3_CTEQ6L1_RPV_1700_1690_Gluino_133.merge.NTUP_SUSY.e1525_s1499_s1504_r3658_r3549_p1328/	4900	6.596e-05	0.5762932
mc12_8TeV.172994.Herwigpp_UEEE3_CTEQ6L1_RPV_500_50_Gluino_233.merge.NTUP_SUSY.e1525_s1499_s1504_r3658_r3549_p1328/	5000	4.4607873	0.1596369
mc12_8TeV.172995.Herwigpp_UEEE3_CTEQ6L1_RPV_500_200_Gluino_233.merge.NTUP_SUSY.e1525_s1499_s1504_r3658_r3549_p1328/	5000	4.4607873	0.1596369
mc12_8TeV.172996.Herwigpp_UEEE3_CTEQ6L1_RPV_500_400_Gluino_233.merge.NTUP_SUSY.e1525_s1499_s1504_r3658_r3549_p1328/	5000	4.4607873	0.1596369
mc12_8TeV.172997.Herwigpp_UEEE3_CTEQ6L1_RPV_500_490_Gluino_233.merge.NTUP_SUSY.e1525_s1499_s1504_r3658_r3549_p1328/	5000	4.4607873	0.1596369
mc12_8TeV.172998.Herwigpp_UEEE3_CTEQ6L1_RPV_800_10_Gluino_233.merge.NTUP_SUSY.e1525_s1499_s1504_r3658_r3549_p1328/	141997	0.1497142	0.2123873
mc12_8TeV.172999.Herwigpp_UEEE3_CTEQ6L1_RPV_800_50_Gluino_233.merge.NTUP_SUSY.e1525_s1499_s1504_r3658_r3549_p1328/	5000	0.1497142	0.2123873
mc12_8TeV.173000.Herwigpp_UEEE3_CTEQ6L1_RPV_800_200_Gluino_233.merge.NTUP_SUSY.e1525_s1499_s1504_r3658_r3549_p1328/	5000	0.1497142	0.2123873
mc12_8TeV.173001.Herwigpp_UEEE3_CTEQ6L1_RPV_800_400_Gluino_233.merge.NTUP_SUSY.e1525_s1499_s1504_r3658_r3549_p1328/	5000	0.1497142	0.2123873
mc12_8TeV.173002.Herwigpp_UEEE3_CTEQ6L1_RPV_800_600_Gluino_233.merge.NTUP_SUSY.e1525_s1499_s1504_r3658_r3549_p1328/	5000	0.1497142	0.2123873
mc12_8TeV.173003.Herwigpp_UEEE3_CTEQ6L1_RPV_800_750_Gluino_233.merge.NTUP_SUSY.e1525_s1499_s1504_r3658_r3549_p1328/	2000	0.1497142	0.2123873
mc12_8TeV.173004.Herwigpp_UEEE3_CTEQ6L1_RPV_800_790_Gluino_233.merge.NTUP_SUSY.e1525_s1499_s1504_r3658_r3549_p1328/	2000	0.1497142	0.2123873
mc12_8TeV.173005.Herwigpp_UEEE3_CTEQ6L1_RPV_1100_10_Gluino_233.merge.NTUP_SUSY.e1525_s1499_s1504_r3658_r3549_p1328/	59997	0.0092532	0.3099070
mc12_8TeV.173006.Herwigpp_UEEE3_CTEQ6L1_RPV_1100_50_Gluino_233.merge.NTUP_SUSY.e1525_s1499_s1504_r3658_r3549_p1328/	3000	0.0092532	0.3099070
mc12_8TeV.173007.Herwigpp_UEEE3_CTEQ6L1_RPV_1100_200_Gluino_233.merge.NTUP_SUSY.e1525_s1499_s1504_r3658_r3549_p1328/	5000	0.0092532	0.3099070
mc12_8TeV.173008.Herwigpp_UEEE3_CTEQ6L1_RPV_1100_400_Gluino_233.merge.NTUP_SUSY.e1525_s1499_s1504_r3658_r3549_p1328/	4999	0.0092532	0.3099070
mc12_8TeV.173009.Herwigpp_UEEE3_CTEQ6L1_RPV_1100_600_Gluino_233.merge.NTUP_SUSY.e1525_s1499_s1504_r3658_r3549_p1328/	3000	0.0092532	0.3099070
mc12_8TeV.173010.Herwigpp_UEEE3_CTEQ6L1_RPV_1100_800_Gluino_233.merge.NTUP_SUSY.e1525_s1499_s1504_r3658_r3549_p1328/	5000	0.0092532	0.3099070
mc12_8TeV.173011.Herwigpp_UEEE3_CTEQ6L1_RPV_1100_1000_Gluino_233.merge.NTUP_SUSY.e1525_s1499_s1504_r3658_r3549_p1328/	5000	0.0092532	0.3099070
mc12_8TeV.173012.Herwigpp_UEEE3_CTEQ6L1_RPV_1100_1090_Gluino_233.merge.NTUP_SUSY.e1525_s1499_s1504_r3658_r3549_p1328/	5000	0.0092532	0.3099070
mc12_8TeV.173013.Herwigpp_UEEE3_CTEQ6L1_RPV_1400_50_Gluino_233.merge.NTUP_SUSY.e1525_s1499_s1504_r3658_r3549_p1328/	5000	0.0007431	0.4327889
mc12_8TeV.173014.Herwigpp_UEEE3_CTEQ6L1_RPV_1400_200_Gluino_233.merge.NTUP_SUSY.e1525_s1499_s1504_r3658_r3549_p1328/	4999	0.0007431	0.4327889
mc12_8TeV.173015.Herwigpp_UEEE3_CTEQ6L1_RPV_1400_400_Gluino_233.merge.NTUP_SUSY.e1525_s1499_s1504_r3658_r3549_p1328/	5000	0.0007431	0.4327889
mc12_8TeV.173016.Herwigpp_UEEE3_CTEQ6L1_RPV_1400_600_Gluino_233.merge.NTUP_SUSY.e1525_s1499_s1504_r3658_r3549_p1328/	3000	0.0007431	0.4327889
mc12_8TeV.173017.Herwigpp_UEEE3_CTEQ6L1_RPV_1400_800_Gluino_233.merge.NTUP_SUSY.e1525_s1499_s1504_r3658_r3549_p1328/	5000	0.0007431	0.4327889
mc12_8TeV.173018.Herwigpp_UEEE3_CTEQ6L1_RPV_1400_1000_Gluino_233.merge.NTUP_SUSY.e1525_s1499_s1504_r3658_r3549_p1328/	5000	0.0007431	0.4327889
mc12_8TeV.173019.Herwigpp_UEEE3_CTEQ6L1_RPV_1400_1300_Gluino_233.merge.NTUP_SUSY.e1525_s1499_s1504_r3658_r3549_p1328/	5000	0.0007431	0.4327889
mc12_8TeV.173020.Herwigpp_UEEE3_CTEQ6L1_RPV_1400_1390_Gluino_233.merge.NTUP_SUSY.e1525_s1499_s1504_r3658_r3549_p1328/	5000	0.0007431	0.4327889
mc12_8TeV.173021.Herwigpp_UEEE3_CTEQ6L1_RPV_1700_50_Gluino_233.merge.NTUP_SUSY.e1525_s1499_s1504_r3658_r3549_p1328/	5000	6.596e-05	0.5762932
mc12_8TeV.173022.Herwigpp_UEEE3_CTEQ6L1_RPV_1700_200_Gluino_233.merge.NTUP_SUSY.e1525_s1499_s1504_r3658_r3549_p1328/	5000	6.596e-05	0.5762932
mc12_8TeV.173023.Herwigpp_UEEE3_CTEQ6L1_RPV_1700_400_Gluino_233.merge.NTUP_SUSY.e1525_s1499_s1504_r3658_r3549_p1328/	5000	6.596e-05	0.5762932
mc12_8TeV.173024.Herwigpp_UEEE3_CTEQ6L1_RPV_1700_600_Gluino_233.merge.NTUP_SUSY.e1525_s1499_s1504_r3658_r3549_p1328/	5000	6.596e-05	0.5762932
mc12_8TeV.173025.Herwigpp_UEEE3_CTEQ6L1_RPV_1700_800_Gluino_233.merge.NTUP_SUSY.e1525_s1499_s1504_r3658_r3549_p1328/	5000	6.596e-05	0.5762932
mc12_8TeV.173026.Herwigpp_UEEE3_CTEQ6L1_RPV_1700_1000_Gluino_233.merge.NTUP_SUSY.e1525_s1499_s1504_r3658_r3549_p1328/	1000	6.596e-05	0.5762932
mc12_8TeV.173027.Herwigpp_UEEE3_CTEQ6L1_RPV_1700_1200_Gluino_233.merge.NTUP_SUSY.e1525_s1499_s1504_r3658_r3549_p1328/	5000	6.596e-05	0.5762932
mc12_8TeV.173028.Herwigpp_UEEE3_CTEQ6L1_RPV_1700_1400_Gluino_233.merge.NTUP_SUSY.e1525_s1499_s1504_r3658_r3549_p1328/	5000	6.596e-05	0.5762932
mc12_8TeV.173029.Herwigpp_UEEE3_CTEQ6L1_RPV_1700_1600_Gluino_233.merge.NTUP_SUSY.e1525_s1499_s1504_r3658_r3549_p1328/	5000	6.596e-05	0.5762932
mc12_8TeV.173030.Herwigpp_UEEE3_CTEQ6L1_RPV_1700_1690_Gluino_233.merge.NTUP_SUSY.e1525_s1499_s1504_r3658_r3549_p1328/	1000	6.596e-05	0.5762932
